================= AC IR SIGNAL LOG =================

DEVICE: Voltas AC
REMOTE MODEL: RG52E1/BGEF
DATE: __________

---------------------------------------------------
[BASELINE STATE]
Mode: COOL
Temp: 24°C
Fan: AUTO
Swing: OFF

POWER_ON_BASELINE:
Raw: 4400, 4300, 550, 1650, 500, 550, 550, 1650, 500, 1650, 550, 500, 550, 550, 550, 1600, 550, 500, 600, 500, 550, 1650, 550, 500, 550, 550, 550, 1600, 550, 1650, 500, 550, 550, 1650, 500, 1650, 550, 500, 550, 1650, 550, 1600, 550, 1600, 550, 1600, 550, 1600, 550, 1650, 550, 500, 550, 1650, 500, 550, 550, 550, 550, 550, 500, 550, 550, 500, 600, 500, 550, 550, 550, 1600, 550, 550, 550, 500, 600, 500, 550, 550, 550, 550, 550, 500, 550, 1650, 550, 500, 550, 1650, 550, 1600, 550, 1600, 550, 1600, 550, 1600, 550, 1650, 500, 5200, 4350, 4350, 550, 1600, 550, 550, 550, 1600, 550, 1600, 550, 550, 550, 550, 550, 1600, 550, 550, 500, 550, 550, 1650, 500, 550, 550, 550, 550, 1600, 550, 1600, 550, 550, 550, 1600, 550, 1650, 500, 550, 550, 1600, 550, 1650, 550, 1600, 550, 1600, 550, 1600, 550, 1600, 550, 550, 550, 1600, 550, 550, 550, 500, 600, 500, 550, 550, 550, 500, 600, 500, 550, 550, 550, 1600, 550, 550, 550, 500, 550, 550, 550, 550, 550, 500, 550, 550, 550, 1650, 500, 550, 550, 1600, 550, 1650, 500, 1650, 550, 1600, 550, 1600, 550, 1600, 550
____________________________________________
____________________________________________


---------------------------------------------------
[TEMPERATURE CHANGES]

TEMP_17:
Raw: 4350, 4350, 600, 1550, 600, 500, 550, 1600, 600, 1600, 550, 500, 600, 500, 550, 1600, 550, 500, 600, 500, 600, 1600, 550, 500, 600, 500, 550, 1600, 600, 1550, 600, 500, 550, 1600, 600, 1600, 550, 500, 600, 1600, 550, 1600, 550, 1600, 550, 1600, 600, 1550, 600, 1600, 550, 500, 600, 1550, 600, 500, 550, 500, 600, 500, 600, 500, 550, 500, 600, 500, 600, 500, 600, 450, 600, 500, 600, 500, 600, 450, 600, 500, 600, 500, 600, 450, 600, 1600, 600, 1550, 600, 1550, 600, 1550, 600, 1550, 600, 1600, 550, 1600, 600, 1550, 600, 5100, 4400, 4300, 600, 1550, 600, 500, 600, 1550, 600, 1550, 600, 500, 600, 500, 600, 1550, 600, 500, 550, 500, 600, 1600, 550, 500, 600, 500, 600, 1550, 600, 1550, 600, 500, 600, 1550, 600, 1600, 550, 500, 600, 1550, 600, 1600, 550, 1600, 550, 1600, 550, 1600, 550, 1600, 600, 500, 550, 1600, 600, 500, 550, 550, 550, 500, 600, 500, 550, 550, 550, 550, 550, 550, 500, 550, 550, 550, 550, 550, 500, 550, 550, 550, 550, 550, 500, 550, 550, 1600, 550, 1650, 500, 1650, 500, 1650, 550, 1600, 550, 1600, 550, 1650, 500, 1650, 550


____________________________________________

TEMP_18:
Raw: 4450, 4250, 600, 1600, 550, 400, 700, 1600, 550, 1600, 550, 500, 600, 500, 600, 1600, 550, 500, 600, 450, 600, 1600, 600, 450, 600, 500, 600, 1600, 550, 1600, 550, 500, 600, 1600, 550, 1600, 550, 500, 600, 1600, 550, 1600, 600, 1550, 600, 1600, 550, 1600, 550, 1600, 550, 500, 600, 1600, 550, 500, 600, 500, 550, 500, 600, 500, 600, 500, 550, 500, 600, 500, 600, 500, 550, 500, 600, 1600, 550, 500, 600, 500, 600, 450, 600, 500, 600, 1600, 550, 1600, 550, 1600, 600, 450, 600, 1600, 600, 1550, 600, 1550, 600, 1550, 600, 5150, 4400, 4300, 600, 1550, 600, 500, 550, 1600, 600, 1550, 600, 500, 600, 450, 600, 1600, 550, 500, 600, 500, 600, 1550, 600, 500, 600, 500, 550, 1600, 600, 1550, 600, 500, 550, 1600, 600, 1550, 600, 500, 600, 1550, 600, 1550, 600, 1550, 600, 1600, 550, 1600, 600, 1550, 600, 500, 550, 1600, 550, 550, 550, 500, 600, 500, 550, 550, 550, 500, 550, 550, 550, 550, 550, 500, 600, 500, 550, 1650, 500, 550, 550, 550, 550, 550, 500, 550, 550, 1650, 500, 1650, 500, 1650, 550, 550, 500, 1650, 550, 1600, 550, 1600, 550, 1650, 500


____________________________________________

TEMP_19:
Raw: 4400, 4300, 600, 1600, 550, 550, 550, 1600, 550, 1600, 550, 550, 550, 500, 600, 1600, 550, 500, 600, 500, 550, 1600, 600, 500, 550, 550, 550, 1600, 550, 1600, 550, 550, 550, 1600, 550, 1600, 600, 500, 550, 1600, 600, 1550, 600, 1600, 550, 1600, 550, 1600, 550, 1600, 600, 450, 600, 1600, 550, 500, 600, 500, 600, 500, 550, 500, 600, 500, 600, 500, 600, 450, 600, 500, 600, 1550, 600, 1550, 600, 500, 600, 500, 600, 450, 600, 500, 600, 1550, 600, 1600, 600, 450, 600, 500, 600, 1550, 600, 1550, 600, 1600, 550, 1600, 600, 5100, 4450, 4250, 600, 1600, 550, 500, 600, 1600, 550, 1600, 600, 450, 600, 500, 600, 1550, 600, 500, 600, 500, 550, 1600, 600, 500, 550, 500, 600, 1550, 600, 1600, 550, 500, 600, 1600, 550, 1600, 550, 550, 550, 1600, 550, 1600, 550, 1650, 500, 1650, 550, 1600, 550, 1600, 550, 550, 550, 1600, 550, 550, 550, 550, 500, 550, 550, 550, 550, 550, 500, 550, 550, 550, 550, 550, 500, 1650, 550, 1600, 550, 550, 500, 550, 550, 550, 550, 550, 500, 1650, 550, 1600, 550, 550, 550, 550, 500, 1650, 500, 1650, 550, 1600, 550, 1650, 500


____________________________________________

TEMP_20:
Raw: 4400, 4300, 600, 1600, 550, 500, 600, 1600, 550, 1600, 550, 500, 600, 500, 600, 1550, 600, 500, 550, 500, 600, 1600, 550, 500, 600, 500, 600, 1600, 550, 1600, 550, 500, 600, 1600, 550, 1600, 550, 500, 600, 1600, 550, 1600, 600, 1550, 600, 1600, 550, 1600, 550, 1600, 550, 500, 600, 1600, 550, 500, 600, 500, 600, 450, 600, 500, 600, 500, 600, 450, 600, 500, 600, 500, 600, 1550, 600, 500, 600, 450, 600, 500, 600, 500, 600, 450, 600, 1600, 600, 1550, 600, 500, 550, 1600, 600, 1550, 600, 1550, 600, 1550, 600, 1600, 550, 5150, 4400, 4300, 600, 1550, 600, 500, 600, 1550, 600, 1600, 550, 500, 600, 500, 550, 1600, 550, 550, 550, 550, 550, 1600, 550, 550, 550, 500, 550, 1600, 600, 1600, 550, 500, 550, 1650, 550, 1600, 550, 550, 550, 1600, 550, 1600, 550, 1650, 500, 1650, 550, 1600, 550, 1600, 550, 550, 550, 1600, 550, 550, 500, 600, 500, 550, 550, 550, 500, 600, 500, 550, 550, 550, 550, 550, 500, 1650, 500, 600, 500, 550, 550, 550, 500, 600, 500, 550, 550, 1650, 500, 1650, 500, 600, 500, 1650, 500, 1650, 500, 1650, 550, 1650, 500, 1650, 500


____________________________________________

TEMP_21:
Raw: 4400, 4300, 600, 1600, 550, 500, 600, 1600, 550, 1600, 550, 500, 600, 500, 600, 1550, 600, 500, 550, 500, 600, 1600, 550, 500, 600, 500, 600, 1600, 550, 1600, 550, 500, 600, 1600, 550, 1600, 550, 500, 600, 1600, 550, 1600, 600, 1550, 600, 1600, 550, 1600, 550, 1600, 550, 500, 600, 1600, 550, 500, 600, 500, 600, 450, 600, 500, 600, 500, 600, 500, 550, 500, 600, 1600, 550, 1600, 550, 500, 600, 500, 600, 500, 550, 500, 600, 500, 600, 1600, 550, 500, 600, 500, 550, 1600, 600, 1550, 600, 1600, 550, 1600, 550, 1600, 550, 5150, 4400, 4300, 600, 1550, 600, 500, 550, 1600, 600, 1550, 600, 500, 600, 450, 600, 1600, 550, 500, 600, 500, 600, 1600, 550, 500, 600, 500, 550, 1600, 600, 1550, 600, 500, 550, 1600, 600, 1550, 600, 500, 600, 1550, 600, 1550, 600, 1550, 600, 1600, 600, 1550, 600, 1550, 600, 500, 600, 1550, 600, 500, 600, 450, 600, 500, 600, 500, 600, 450, 600, 500, 600, 500, 600, 1550, 600, 1550, 600, 500, 600, 450, 600, 500, 600, 500, 600, 500, 550, 1600, 600, 450, 600, 500, 600, 1550, 600, 1550, 600, 1600, 550, 1600, 550, 1600, 550


____________________________________________

TEMP_22:
Raw: 4400, 4300, 600, 1600, 550, 500, 600, 1600, 550, 1600, 550, 500, 600, 500, 600, 1600, 550, 450, 650, 500, 550, 1600, 600, 500, 550, 500, 600, 1600, 550, 1600, 550, 500, 600, 1600, 550, 1600, 600, 500, 550, 1600, 600, 1550, 600, 1600, 550, 1600, 550, 1600, 550, 1600, 600, 450, 600, 1600, 550, 500, 600, 500, 600, 500, 550, 500, 600, 500, 600, 500, 600, 450, 600, 1600, 550, 1600, 600, 1550, 550, 550, 550, 500, 600, 500, 550, 550, 550, 1600, 550, 550, 550, 500, 600, 500, 550, 1600, 600, 1550, 600, 1600, 550, 1600, 550, 5200, 4350, 4300, 600, 1600, 550, 500, 600, 1600, 550, 1600, 550, 550, 550, 500, 550, 1600, 600, 500, 550, 550, 550, 1600, 550, 550, 550, 500, 600, 1600, 550, 1600, 550, 500, 600, 1600, 550, 1600, 550, 550, 550, 1600, 550, 1600, 550, 1600, 600, 1600, 550, 1600, 550, 1600, 550, 550, 550, 1600, 550, 550, 550, 500, 550, 550, 550, 550, 550, 550, 500, 550, 550, 550, 550, 1600, 550, 1600, 550, 1650, 500, 550, 550, 550, 550, 550, 500, 550, 550, 1650, 500, 550, 550, 550, 550, 550, 500, 1650, 550, 1650, 500, 1650, 500, 1650, 500


____________________________________________

TEMP_23:
Raw: 4400, 4300, 650, 1550, 600, 500, 600, 1550, 600, 1550, 600, 500, 600, 450, 650, 1500, 650, 450, 600, 500, 600, 1550, 600, 500, 600, 500, 600, 1550, 600, 1550, 600, 500, 600, 1550, 600, 1550, 600, 500, 600, 1550, 600, 1550, 650, 1500, 650, 1550, 600, 1550, 600, 1550, 600, 500, 550, 1600, 600, 500, 550, 500, 550, 550, 500, 600, 500, 550, 550, 550, 500, 600, 550, 1600, 550, 550, 500, 1650, 550, 550, 500, 550, 550, 550, 500, 600, 500, 1650, 550, 550, 500, 1650, 550, 550, 500, 1650, 550, 1600, 550, 1600, 550, 1600, 550, 5200, 4350, 4350, 550, 1600, 550, 550, 550, 1600, 550, 1600, 550, 550, 550, 500, 550, 1650, 550, 500, 550, 550, 550, 1600, 550, 550, 550, 550, 550, 1600, 550, 1600, 550, 550, 550, 1600, 600, 1550, 600, 500, 550, 1600, 600, 1550, 600, 1600, 550, 1600, 550, 1600, 550, 1600, 600, 500, 550, 1600, 600, 500, 550, 500, 550, 550, 550, 550, 550, 550, 500, 550, 550, 550, 550, 1600, 550, 550, 550, 1600, 550, 550, 550, 500, 550, 550, 550, 550, 550, 1600, 550, 550, 550, 1600, 550, 550, 500, 1650, 550, 1600, 550, 1600, 550, 1650, 500


____________________________________________

TEMP_25:
Raw: 4400, 4300, 550, 1650, 550, 500, 550, 1650, 500, 1650, 550, 500, 550, 550, 550, 1600, 550, 550, 550, 500, 600, 1600, 550, 550, 550, 500, 550, 1650, 500, 1650, 550, 500, 550, 1650, 550, 1600, 550, 550, 550, 1600, 550, 1600, 550, 1600, 550, 1600, 550, 1650, 550, 1600, 550, 550, 500, 1650, 550, 500, 550, 550, 550, 500, 600, 500, 550, 550, 550, 550, 550, 1600, 550, 1600, 550, 550, 550, 500, 600, 500, 550, 550, 550, 550, 550, 500, 550, 550, 550, 550, 550, 1600, 550, 1600, 550, 1600, 550, 1650, 500, 1650, 550, 1600, 550, 5150, 4400, 4300, 550, 1650, 550, 500, 550, 1650, 550, 1600, 550, 550, 500, 550, 550, 1600, 550, 550, 550, 550, 550, 1600, 550, 500, 600, 500, 550, 1650, 500, 1650, 550, 500, 550, 1650, 550, 1600, 550, 500, 600, 1600, 550, 1600, 550, 1600, 550, 1600, 550, 1600, 600, 1600, 550, 500, 600, 1550, 600, 500, 550, 550, 550, 550, 550, 500, 550, 550, 550, 550, 550, 1600, 550, 1600, 550, 550, 550, 500, 600, 500, 550, 550, 550, 500, 600, 500, 550, 550, 550, 500, 600, 1600, 550, 1600, 550, 1600, 550, 1650, 500, 1600, 600, 1600, 550


____________________________________________

TEMP_26:
Raw: 4400, 4300, 550, 1600, 600, 500, 600, 1550, 550, 1650, 550, 500, 600, 500, 550, 1600, 550, 500, 600, 500, 600, 1600, 550, 500, 550, 550, 550, 1600, 550, 1650, 550, 500, 600, 1550, 600, 1600, 550, 500, 600, 1600, 550, 1600, 550, 1600, 550, 1600, 550, 1600, 600, 1600, 550, 500, 600, 1600, 550, 500, 600, 500, 550, 500, 600, 500, 600, 500, 550, 500, 600, 1600, 550, 1600, 550, 500, 600, 1600, 550, 500, 600, 500, 600, 500, 550, 500, 600, 500, 600, 500, 550, 1600, 550, 550, 550, 1600, 550, 1600, 550, 1600, 600, 1550, 600, 5150, 4400, 4300, 550, 1600, 550, 550, 550, 1600, 550, 1600, 600, 500, 550, 550, 550, 1600, 550, 500, 600, 500, 550, 1600, 600, 500, 550, 550, 550, 1600, 550, 1600, 550, 550, 550, 1600, 550, 1600, 600, 500, 550, 1600, 600, 1600, 550, 1600, 550, 1600, 550, 1600, 550, 1600, 600, 500, 550, 1600, 550, 550, 550, 550, 550, 500, 550, 550, 550, 550, 550, 500, 600, 1600, 550, 1600, 550, 550, 550, 1600, 550, 550, 550, 550, 500, 550, 550, 550, 550, 550, 500, 550, 550, 1650, 500, 550, 550, 1650, 500, 1650, 500, 1650, 550, 1600, 550


____________________________________________

TEMP_27:
Raw: 4400, 4300, 600, 1600, 550, 500, 600, 1550, 600, 1600, 550, 500, 600, 500, 550, 1600, 600, 450, 600, 500, 600, 1600, 550, 500, 600, 500, 600, 1550, 600, 1600, 550, 450, 650, 1600, 550, 1600, 550, 500, 600, 1600, 550, 1600, 550, 1600, 600, 1550, 600, 1600, 550, 1600, 550, 500, 600, 1600, 550, 500, 600, 450, 600, 500, 600, 500, 600, 450, 600, 500, 600, 1600, 550, 450, 650, 500, 600, 1550, 600, 500, 600, 450, 600, 500, 600, 500, 600, 450, 600, 1600, 550, 1600, 600, 450, 600, 1600, 600, 1550, 600, 1600, 550, 1600, 550, 5150, 4400, 4300, 600, 1600, 550, 500, 600, 1550, 600, 1600, 550, 500, 600, 500, 550, 1600, 600, 450, 600, 500, 600, 1550, 600, 500, 600, 500, 600, 1550, 600, 1550, 600, 500, 600, 1550, 600, 1550, 600, 500, 600, 1550, 600, 1550, 600, 1600, 600, 1550, 600, 1550, 600, 1550, 600, 500, 600, 1550, 600, 500, 600, 500, 550, 500, 600, 500, 600, 500, 550, 500, 600, 1600, 550, 500, 600, 500, 600, 1550, 600, 500, 550, 500, 600, 500, 550, 550, 550, 500, 600, 1600, 550, 1600, 550, 500, 600, 1600, 550, 1600, 550, 1600, 550, 1600, 600


____________________________________________

TEMP_28:
Raw: 4400, 4300, 550, 1600, 550, 500, 600, 1600, 550, 1600, 600, 500, 550, 500, 600, 1600, 550, 500, 600, 450, 650, 1600, 550, 450, 600, 500, 600, 1600, 550, 1600, 550, 500, 600, 1600, 550, 1650, 500, 550, 600, 1550, 600, 1600, 550, 1600, 550, 1600, 550, 1600, 550, 1600, 550, 550, 550, 1600, 600, 500, 550, 500, 600, 500, 600, 500, 550, 500, 600, 500, 550, 1650, 550, 450, 650, 500, 550, 500, 600, 500, 550, 550, 550, 500, 600, 500, 600, 500, 550, 1600, 550, 1650, 550, 1600, 550, 1600, 550, 1600, 550, 1600, 600, 1550, 550, 5200, 4400, 4300, 550, 1600, 550, 550, 550, 1600, 550, 1600, 550, 550, 550, 500, 600, 1600, 550, 500, 550, 550, 550, 1650, 500, 550, 550, 500, 600, 1600, 550, 1600, 550, 550, 550, 1600, 550, 1600, 550, 550, 550, 1600, 550, 1600, 600, 1550, 600, 1600, 550, 1600, 550, 1600, 550, 550, 550, 1600, 550, 550, 550, 500, 600, 500, 550, 550, 550, 500, 600, 500, 550, 1600, 600, 500, 550, 550, 550, 500, 600, 500, 550, 550, 550, 500, 600, 500, 550, 550, 550, 1600, 550, 1600, 550, 1600, 600, 1600, 550, 1600, 550, 1600, 550, 1600, 550




____________________________________________

TEMP_29:
Raw: 4400, 4300, 550, 1650, 550, 450, 600, 1650, 550, 1600, 550, 500, 550, 550, 550, 1600, 550, 550, 550, 500, 600, 1600, 550, 500, 600, 450, 600, 1650, 500, 1650, 550, 500, 550, 1650, 550, 1600, 550, 500, 600, 1600, 550, 1600, 550, 1600, 550, 1650, 500, 1650, 550, 1600, 550, 500, 600, 1600, 550, 500, 550, 550, 550, 500, 600, 500, 550, 550, 550, 500, 600, 1600, 550, 500, 600, 1600, 550, 500, 600, 500, 550, 550, 550, 500, 600, 500, 550, 550, 550, 1600, 550, 550, 550, 1600, 550, 1650, 500, 1650, 550, 1600, 550, 1600, 550, 5150, 4400, 4300, 550, 1600, 600, 500, 550, 1600, 600, 1550, 600, 500, 550, 550, 550, 1600, 550, 550, 550, 500, 600, 1600, 550, 500, 600, 500, 550, 1600, 550, 1600, 600, 500, 550, 1600, 600, 1600, 550, 500, 600, 1600, 550, 1600, 550, 1600, 550, 1600, 550, 1600, 550, 1600, 600, 500, 550, 1650, 550, 500, 550, 550, 550, 500, 600, 500, 550, 550, 550, 500, 600, 1600, 550, 550, 550, 1600, 550, 550, 550, 500, 550, 550, 550, 550, 500, 550, 550, 550, 550, 1600, 550, 550, 550, 1600, 550, 1650, 500, 1650, 500, 1650, 550, 1600, 550


____________________________________________

TEMP_30:
Raw: 4450, 4300, 600, 1550, 600, 500, 550, 1600, 600, 1600, 550, 500, 600, 450, 600, 1600, 550, 500, 600, 500, 600, 1600, 550, 500, 600, 500, 550, 1600, 600, 1550, 600, 500, 600, 1550, 600, 1600, 550, 500, 600, 1600, 550, 1600, 550, 1600, 550, 1600, 600, 1550, 600, 1600, 550, 500, 600, 1600, 550, 500, 600, 450, 600, 500, 600, 500, 600, 450, 600, 500, 600, 1600, 550, 500, 600, 1600, 550, 1600, 600, 450, 600, 500, 600, 500, 600, 450, 600, 500, 600, 1600, 550, 500, 600, 500, 550, 1600, 600, 1600, 550, 1600, 550, 1600, 550, 5150, 4400, 4300, 600, 1600, 550, 500, 600, 1600, 550, 1600, 550, 500, 600, 500, 600, 1550, 600, 500, 600, 450, 600, 1600, 550, 500, 600, 500, 600, 1550, 600, 1550, 600, 500, 600, 1550, 600, 1600, 600, 450, 600, 1600, 550, 1600, 600, 1550, 600, 1550, 600, 1550, 600, 1600, 550, 500, 600, 1550, 600, 500, 600, 500, 600, 450, 600, 500, 600, 500, 600, 500, 550, 1600, 600, 450, 600, 1600, 600, 1550, 600, 500, 550, 500, 600, 500, 600, 500, 550, 500, 600, 1600, 550, 500, 600, 500, 600, 1550, 600, 1550, 600, 1550, 600, 1600, 550




____________________________________________


---------------------------------------------------
[MODE CHANGES]

MODE_COOL:
Raw: 4400, 4300, 550, 1650, 550, 500, 550, 1650, 500, 1650, 550, 500, 550, 550, 550, 1600, 550, 500, 600, 500, 600, 1600, 550, 500, 600, 500, 550, 1650, 500, 1650, 550, 450, 600, 1650, 550, 1600, 550, 500, 550, 1650, 550, 1600, 550, 1600, 550, 1600, 550, 1650, 500, 1650, 550, 500, 550, 1650, 550, 500, 550, 550, 550, 500, 600, 500, 550, 550, 550, 500, 600, 500, 550, 1650, 550, 500, 550, 550, 550, 500, 550, 550, 550, 550, 550, 500, 600, 1600, 550, 500, 550, 1650, 550, 1600, 550, 1600, 550, 1600, 550, 1650, 500, 1650, 550, 5150, 4400, 4300, 550, 1650, 500, 550, 550, 1650, 500, 1650, 550, 500, 550, 550, 550, 1600, 550, 550, 550, 500, 600, 1600, 550, 500, 550, 550, 550, 1600, 550, 1600, 550, 550, 550, 1600, 550, 1600, 600, 500, 550, 1600, 600, 1600, 550, 1600, 550, 1600, 550, 1600, 550, 1600, 600, 500, 550, 1600, 600, 500, 550, 550, 550, 500, 600, 500, 550, 550, 550, 500, 600, 500, 550, 1600, 550, 550, 550, 550, 550, 500, 550, 550, 550, 550, 550, 500, 600, 1600, 550, 500, 550, 1650, 550, 1600, 550, 1600, 550, 1600, 550, 1650, 500, 1650, 550


____________________________________________

MODE_DRY:
Raw: 4400, 4300, 550, 1600, 550, 550, 550, 1600, 550, 1600, 550, 550, 550, 550, 550, 1600, 550, 550, 500, 550, 550, 1650, 500, 550, 550, 550, 550, 1600, 550, 1600, 550, 550, 550, 1600, 550, 550, 550, 550, 500, 550, 550, 1650, 500, 1650, 550, 1600, 550, 1600, 550, 1600, 550, 1650, 500, 1650, 550, 1600, 550, 550, 500, 550, 550, 550, 550, 550, 500, 550, 550, 550, 550, 1600, 550, 550, 550, 550, 550, 500, 550, 1650, 500, 550, 550, 550, 550, 1600, 550, 550, 550, 1600, 550, 1600, 550, 1650, 500, 550, 550, 1600, 550, 1650, 550, 5150, 4350, 4350, 550, 1600, 550, 550, 550, 1600, 550, 1600, 550, 550, 550, 500, 600, 1600, 550, 550, 550, 500, 550, 1650, 500, 550, 550, 550, 550, 1600, 550, 1600, 550, 550, 550, 1600, 550, 550, 550, 500, 600, 500, 550, 1600, 550, 1650, 550, 1600, 550, 1600, 550, 1600, 550, 1650, 500, 1650, 550, 1600, 550, 500, 600, 500, 550, 550, 550, 500, 600, 500, 550, 550, 550, 1600, 550, 550, 550, 550, 550, 500, 550, 1650, 500, 550, 550, 550, 550, 1600, 550, 550, 550, 1600, 550, 1650, 500, 1650, 500, 550, 550, 1650, 500, 1650, 550


____________________________________________

MODE_HEAT:
Raw: 4400, 4300, 600, 1600, 550, 500, 550, 1650, 550, 1600, 550, 550, 500, 550, 550, 1600, 600, 500, 550, 550, 550, 1600, 600, 500, 550, 500, 550, 1650, 550, 1600, 550, 550, 500, 1650, 600, 1550, 600, 500, 550, 1600, 550, 1600, 600, 1550, 600, 1550, 650, 1550, 600, 1550, 600, 500, 550, 1600, 550, 550, 550, 500, 550, 550, 550, 550, 500, 550, 550, 550, 550, 550, 500, 1650, 550, 500, 600, 500, 550, 1600, 600, 1550, 600, 500, 600, 500, 550, 1600, 600, 500, 550, 1600, 600, 1550, 600, 500, 550, 550, 550, 1600, 550, 1600, 550, 5150, 4400, 4300, 600, 1600, 550, 500, 550, 1650, 550, 1600, 550, 550, 500, 550, 600, 1550, 600, 500, 550, 550, 550, 1600, 600, 500, 550, 500, 600, 1550, 600, 1600, 550, 500, 600, 1600, 550, 1600, 550, 550, 550, 1600, 550, 1600, 550, 1600, 600, 1550, 600, 1550, 600, 1600, 550, 500, 600, 1600, 550, 500, 600, 500, 550, 550, 550, 500, 550, 550, 550, 550, 550, 500, 550, 1600, 600, 500, 550, 550, 550, 1600, 550, 1600, 550, 550, 550, 550, 500, 1650, 550, 550, 500, 1650, 550, 1600, 550, 550, 500, 550, 550, 1650, 500, 1650, 500


____________________________________________

MODE_FAN:
Raw: 4350, 4350, 600, 1550, 600, 500, 550, 1600, 550, 1600, 600, 500, 550, 550, 500, 1650, 550, 550, 500, 550, 550, 1600, 550, 550, 550, 550, 550, 1600, 550, 1600, 550, 550, 550, 1600, 550, 1600, 550, 550, 550, 1600, 550, 1600, 550, 1650, 550, 1600, 550, 1600, 550, 1600, 550, 550, 550, 1600, 550, 550, 550, 550, 500, 550, 550, 550, 550, 500, 550, 550, 550, 1600, 550, 1650, 550, 1600, 550, 550, 500, 550, 550, 1600, 550, 550, 550, 550, 550, 500, 550, 550, 550, 550, 550, 1600, 550, 1600, 550, 550, 550, 1600, 550, 1600, 550, 5200, 4350, 4350, 550, 1600, 550, 550, 550, 1600, 550, 1600, 550, 550, 550, 500, 550, 1650, 500, 550, 550, 550, 550, 1600, 550, 550, 550, 550, 500, 1650, 550, 1600, 550, 550, 500, 1650, 550, 1600, 550, 550, 550, 1600, 550, 1600, 550, 1600, 550, 1650, 550, 1600, 550, 1600, 550, 550, 550, 1600, 550, 550, 500, 550, 550, 550, 550, 550, 500, 550, 550, 550, 550, 1600, 550, 1600, 550, 1650, 500, 550, 550, 550, 550, 1600, 550, 550, 550, 500, 550, 550, 550, 550, 550, 550, 500, 1650, 500, 1650, 550, 550, 500, 1650, 500, 1650, 550


____________________________________________

MODE_AUTO:
Raw: 4350, 4350, 550, 1600, 550, 550, 500, 1650, 550, 1600, 550, 550, 550, 500, 550, 1650, 500, 550, 550, 550, 550, 1600, 550, 550, 550, 550, 500, 1650, 550, 1600, 550, 550, 500, 1650, 550, 550, 500, 550, 550, 550, 550, 1600, 550, 1600, 550, 1600, 550, 1650, 500, 1650, 550, 1600, 550, 1600, 550, 1600, 550, 550, 550, 550, 550, 500, 550, 550, 550, 550, 550, 550, 500, 1650, 550, 500, 550, 550, 550, 1600, 550, 550, 550, 550, 500, 550, 550, 1650, 500, 550, 550, 1600, 550, 1650, 500, 550, 550, 1650, 500, 1650, 550, 1600, 550, 5150, 4400, 4300, 550, 1650, 500, 550, 550, 1650, 500, 1600, 600, 500, 550, 550, 550, 1600, 550, 550, 550, 500, 600, 1600, 550, 500, 550, 550, 550, 1600, 550, 1600, 550, 550, 550, 1600, 550, 550, 550, 550, 550, 500, 550, 1600, 600, 1600, 550, 1600, 550, 1600, 550, 1600, 550, 1650, 550, 1600, 550, 1600, 550, 500, 600, 500, 550, 550, 550, 550, 550, 550, 500, 550, 550, 1600, 550, 550, 550, 550, 550, 1600, 550, 550, 500, 550, 550, 550, 550, 1600, 550, 550, 550, 1600, 550, 1600, 550, 550, 550, 1650, 500, 1650, 500, 1650, 550


____________________________________________


---------------------------------------------------
[FAN SPEED]

FAN_AUTO:
Raw: 4350, 4350, 550, 1650, 500, 500, 600, 1600, 550, 1650, 500, 500, 600, 550, 550, 1600, 550, 500, 600, 450, 600, 1650, 550, 500, 550, 550, 550, 1600, 550, 1650, 500, 550, 550, 1650, 500, 1650, 550, 500, 550, 1650, 550, 1600, 550, 1600, 550, 1600, 550, 1650, 500, 1650, 550, 500, 550, 1650, 500, 550, 550, 550, 550, 550, 500, 550, 550, 550, 550, 550, 550, 500, 550, 1650, 500, 550, 550, 550, 550, 550, 500, 550, 550, 550, 550, 500, 550, 1650, 550, 500, 550, 1650, 550, 1600, 550, 1600, 550, 1600, 550, 1600, 550, 1600, 600, 5150, 4400, 4300, 550, 1600, 550, 550, 550, 1600, 550, 1600, 600, 500, 550, 550, 550, 1600, 550, 550, 550, 500, 600, 1600, 550, 500, 550, 550, 550, 1600, 550, 1600, 600, 500, 550, 1600, 550, 1650, 550, 500, 550, 1650, 550, 1600, 550, 1600, 550, 1600, 550, 1650, 500, 1650, 550, 550, 500, 1650, 550, 500, 550, 550, 550, 550, 550, 500, 550, 550, 550, 550, 550, 550, 500, 1650, 500, 550, 550, 550, 550, 550, 500, 550, 550, 550, 550, 550, 500, 1650, 550, 550, 500, 1650, 550, 1600, 550, 1600, 550, 1650, 500, 1650, 500, 1700, 500



____________________________________________

FAN_LOW:
Raw: 4350, 4350, 600, 1600, 550, 500, 600, 1550, 600, 1600, 550, 500, 600, 500, 550, 1600, 600, 500, 550, 550, 550, 1600, 550, 550, 550, 500, 600, 1550, 600, 1600, 550, 500, 600, 1600, 550, 1600, 550, 550, 550, 500, 600, 1550, 600, 1600, 550, 1600, 550, 1600, 550, 1600, 600, 500, 550, 1600, 550, 1600, 600, 500, 550, 550, 550, 500, 600, 500, 550, 550, 550, 500, 600, 1600, 550, 500, 600, 500, 550, 550, 550, 500, 600, 500, 550, 500, 600, 1600, 550, 550, 550, 1600, 550, 1600, 550, 1600, 600, 1550, 600, 1550, 600, 1600, 550, 5150, 4400, 4300, 600, 1550, 600, 500, 550, 1600, 600, 1600, 550, 500, 600, 450, 600, 1600, 550, 500, 600, 500, 600, 1550, 600, 500, 600, 500, 550, 1600, 600, 1550, 600, 500, 550, 1600, 600, 1550, 600, 500, 600, 500, 550, 1600, 600, 1550, 600, 1550, 600, 1550, 600, 1550, 600, 500, 600, 1550, 600, 1600, 550, 500, 600, 500, 600, 500, 550, 500, 600, 500, 600, 500, 550, 1600, 600, 500, 550, 500, 600, 500, 600, 500, 550, 500, 600, 500, 550, 1600, 600, 500, 550, 1600, 550, 1600, 600, 1600, 550, 1600, 550, 1600, 550, 1600, 550


____________________________________________

FAN_MEDIUM:
Raw:4400, 4300, 600, 1600, 550, 500, 600, 1600, 550, 1600, 550, 500, 600, 500, 600, 1550, 600, 500, 600, 450, 600, 1600, 550, 500, 600, 500, 600, 1600, 550, 1600, 550, 500, 600, 1600, 550, 500, 600, 1600, 550, 500, 600, 1600, 550, 1600, 550, 1600, 550, 1600, 600, 1550, 600, 1600, 550, 500, 600, 1600, 550, 500, 600, 500, 550, 500, 600, 500, 600, 500, 550, 500, 600, 1600, 550, 500, 600, 500, 600, 500, 550, 500, 600, 500, 600, 500, 550, 1600, 600, 500, 550, 1600, 600, 1550, 600, 1600, 550, 1600, 550, 1600, 550, 1600, 550, 5150, 4400, 4300, 600, 1600, 550, 500, 600, 1600, 550, 1600, 550, 500, 600, 500, 600, 1550, 600, 500, 600, 450, 600, 1600, 600, 450, 600, 500, 600, 1550, 600, 1550, 600, 500, 600, 1550, 600, 500, 600, 1550, 600, 500, 600, 1550, 600, 1550, 600, 1600, 550, 1600, 600, 1550, 600, 1550, 600, 500, 600, 1550, 600, 500, 600, 500, 550, 500, 600, 500, 600, 500, 550, 500, 600, 1600, 550, 500, 600, 500, 550, 550, 550, 500, 600, 500, 550, 550, 550, 1600, 550, 550, 550, 1600, 550, 1600, 550, 1600, 600, 1550, 600, 1600, 550, 1600, 550


____________________________________________

FAN_HIGH:
Raw: 4350, 4350, 550, 1650, 550, 500, 550, 1650, 500, 1650, 550, 500, 550, 500, 600, 1600, 550, 550, 550, 550, 550, 1600, 550, 550, 550, 500, 550, 1650, 500, 1650, 550, 500, 550, 1650, 550, 500, 550, 550, 550, 1600, 550, 1650, 500, 1650, 550, 1600, 550, 1600, 550, 1600, 550, 1650, 500, 1650, 550, 500, 550, 550, 550, 550, 550, 500, 550, 550, 550, 550, 550, 550, 500, 1650, 550, 500, 550, 550, 550, 550, 550, 500, 550, 550, 550, 550, 550, 1600, 550, 550, 550, 1600, 550, 1600, 550, 1600, 550, 1650, 500, 1650, 550, 1600, 550, 5200, 4350, 4350, 500, 1650, 550, 500, 550, 1650, 550, 1600, 550, 550, 500, 550, 550, 1600, 550, 550, 550, 550, 550, 1600, 550, 550, 550, 500, 550, 1650, 500, 1650, 550, 500, 550, 1650, 550, 500, 550, 550, 550, 1600, 550, 1650, 500, 1650, 550, 1600, 550, 1600, 550, 1600, 550, 1650, 500, 1650, 550, 550, 500, 550, 550, 550, 550, 550, 500, 550, 550, 550, 550, 550, 500, 1650, 550, 550, 500, 550, 550, 550, 550, 550, 500, 550, 550, 550, 550, 1650, 500, 550, 550, 1650, 500, 1650, 500, 1650, 500, 1650, 500, 1650, 550, 1650, 500


____________________________________________


---------------------------------------------------
[SWING CONTROL]

SWING_ON:
Raw: 4350, 4300, 600, 1600, 550, 500, 600, 1600, 550, 1600, 600, 500, 550, 500, 550, 1650, 550, 500, 600, 500, 600, 1550, 600, 500, 550, 500, 600, 1600, 550, 1600, 600, 450, 600, 1600, 550, 500, 600, 500, 600, 500, 600, 450, 600, 1600, 550, 1600, 600, 1600, 550, 1600, 550, 1600, 550, 1600, 600, 1550, 600, 1600, 550, 500, 600, 500, 550, 500, 600, 500, 600, 1600, 550, 1600, 550, 1600, 550, 500, 600, 500, 600, 500, 550, 500, 600, 500, 600, 500, 600, 450, 600, 500, 600, 1600, 550, 1600, 550, 1600, 550, 1600, 600, 1550, 600


____________________________________________

SWING_OFF:
Raw: 4350, 4300, 600, 1600, 550, 500, 600, 1600, 550, 1600, 550, 500, 600, 500, 600, 1600, 550, 500, 600, 500, 600, 1550, 600, 500, 550, 500, 600, 1600, 550, 1600, 550, 500, 600, 1600, 550, 500, 600, 500, 600, 500, 600, 450, 600, 1600, 550, 1600, 600, 1550, 600, 1600, 550, 1600, 550, 1600, 600, 1550, 600, 1600, 550, 500, 600, 450, 600, 500, 600, 500, 600, 1600, 550, 1550, 600, 1600, 550, 500, 600, 500, 600, 500, 550, 500, 600, 500, 600, 500, 600, 450, 600, 500, 600, 1550, 600, 1550, 600, 1600, 600, 1550, 600, 1550, 600


____________________________________________


---------------------------------------------------
[EXTRA FEATURES]

TURBO_ON:
Raw:
____________________________________________

TURBO_OFF:
Raw:
____________________________________________

SLEEP_ON:
Raw:
____________________________________________

SLEEP_OFF:
Raw:
____________________________________________

LED_ON:
Raw: 4400, 4300, 600, 1550, 650, 450, 550, 1600, 600, 1600, 550, 500, 550, 1650, 500, 550, 550, 1650, 500, 550, 550, 1600, 550, 550, 550, 550, 550, 1600, 550, 550, 550, 1600, 550, 550, 550, 1600, 550, 1600, 550, 1600, 550, 1600, 550, 550, 550, 1600, 550, 550, 550, 100, 200, 1300, 550, 550, 550, 550, 550, 500, 550, 550, 550, 1600, 550, 550, 550, 1600, 550, 550, 550, 1600, 550, 550, 550, 1600, 550, 550, 550, 550, 500, 1650, 550, 500, 550, 1650, 550, 550, 500, 1650, 550, 500, 550, 1650, 500, 1650, 550, 550, 500, 1650, 550, 550, 500, 5200, 4350, 4350, 550, 1600, 550, 550, 500, 1650, 550, 1600, 550, 550, 550, 1600, 550, 550, 550, 1600, 550, 550, 550, 1600, 550, 550, 500, 550, 550, 1600, 550, 550, 550, 1600, 550, 550, 550, 1600, 600, 1550, 600, 1550, 600, 1600, 600, 500, 600, 1550, 650, 450, 600, 1550, 600, 500, 600, 450, 650, 450, 600, 500, 600, 1550, 600, 500, 600, 1550, 600, 500, 600, 1550, 600, 500, 550, 1600, 600, 450, 600, 500, 600, 1550, 600, 500, 550, 1600, 600, 500, 550, 1600, 600, 500, 550, 1600, 600, 1550, 600, 500, 550, 1600, 600

____________________________________________

LED_OFF:
Raw: 4350, 4350, 550, 1600, 550, 550, 550, 1600, 550, 1650, 500, 550, 550, 1650, 500, 500, 600, 1650, 500, 550, 550, 1600, 550, 550, 550, 500, 600, 1600, 550, 500, 550, 1650, 550, 550, 500, 1650, 550, 1600, 550, 1600, 550, 1600, 550, 550, 550, 1600, 550, 550, 550, 1600, 550, 550, 550, 550, 550, 500, 550, 550, 550, 1600, 550, 550, 550, 1600, 550, 550, 550, 1600, 550, 550, 550, 1600, 550, 550, 550, 500, 550, 1650, 500, 550, 550, 1650, 500, 550, 550, 1600, 550, 550, 550, 1600, 550, 1600, 550, 550, 550, 1600, 550, 550, 550, 5150, 4400, 4300, 550, 1600, 550, 550, 550, 1600, 550, 1600, 600, 500, 550, 1600, 550, 550, 550, 1600, 550, 550, 550, 1600, 550, 550, 550, 500, 600, 1600, 550, 500, 550, 1650, 550, 500, 550, 1650, 550, 1600, 550, 1600, 550, 1600, 550, 550, 550, 1600, 550, 550, 550, 1600, 550, 550, 550, 550, 550, 500, 550, 550, 550, 1600, 550, 550, 550, 1600, 550, 550, 550, 1600, 550, 550, 550, 1600, 550, 550, 550, 550, 500, 1650, 500, 550, 550, 1650, 500, 550, 550, 1650, 500, 550, 550, 1650, 500, 1650, 500, 550, 550, 1650, 500, 550, 600
____________________________________________


---------------------------------------------------
[TIMER]
(Increments: 0.5, 1.0, 1.5 ... 10.0 then 11, 12 ... 24, then OFF)

TIMER_0.5:
Raw: 
____________________________________________

TIMER_1.0:
Raw: 
____________________________________________

TIMER_1.5:
Raw: 
____________________________________________

TIMER_2.0:
Raw: 
____________________________________________

TIMER_2.5:
Raw: 
____________________________________________

TIMER_3.0:
Raw: 
____________________________________________

TIMER_3.5:
Raw: 
____________________________________________

TIMER_4.0:
Raw: 
____________________________________________

TIMER_4.5:
Raw: 
____________________________________________

TIMER_5.0:
Raw: 
____________________________________________

TIMER_5.5:
Raw: 
____________________________________________

TIMER_6.0:
Raw: 
____________________________________________

TIMER_6.5:
Raw: 
____________________________________________

TIMER_7.0:
Raw: 
____________________________________________

TIMER_7.5:
Raw: 
____________________________________________

TIMER_8.0:
Raw: 
____________________________________________

TIMER_8.5:
Raw: 
____________________________________________

TIMER_9.0:
Raw: 
____________________________________________

TIMER_9.5:
Raw: 
____________________________________________

TIMER_10:
Raw: 
____________________________________________

TIMER_11:
Raw: 
____________________________________________

TIMER_12:
Raw: 
____________________________________________

TIMER_13:
Raw: 
____________________________________________

TIMER_14:
Raw: 
____________________________________________

TIMER_15:
Raw: 
____________________________________________

TIMER_16:
Raw: 
____________________________________________

TIMER_17:
Raw: 
____________________________________________

TIMER_18:
Raw: 
____________________________________________

TIMER_19:
Raw: 
____________________________________________

TIMER_20:
Raw: 
____________________________________________

TIMER_21:
Raw: 
____________________________________________

TIMER_22:
Raw: 
____________________________________________

TIMER_23:
Raw: 
____________________________________________

TIMER_24:
Raw: 
____________________________________________

TIMER_OFF:
Raw: 
____________________________________________

---------------------------------------------------
[POWER OFF]

POWER_OFF:
Raw: 4400, 4300, 550, 1650, 550, 500, 550, 1650, 550, 1600, 550, 500, 550, 550, 550, 1600, 550, 550, 550, 500, 600, 1600, 550, 500, 600, 450, 600, 1650, 500, 1650, 550, 450, 600, 1650, 550, 500, 550, 1650, 550, 1600, 550, 1600, 550, 1600, 550, 500, 600, 1600, 550, 1600, 550, 1650, 550, 500, 550, 550, 550, 500, 600, 500, 550, 1650, 500, 550, 550, 550, 550, 1600, 550, 1600, 550, 1650, 500, 550, 550, 550, 550, 500, 600, 500, 550, 550, 550, 500, 600, 500, 550, 550, 550, 1600, 550, 1600, 550, 1650, 550, 1550, 600, 1600, 550, 5150, 4400, 4300, 600, 1600, 550, 500, 550, 1600, 600, 1600, 550, 500, 600, 500, 550, 1600, 550, 550, 550, 550, 550, 1600, 550, 550, 550, 500, 600, 1550, 600, 1600, 550, 500, 600, 1600, 550, 500, 600, 1550, 600, 1600, 550, 1600, 550, 1600, 550, 550, 550, 1600, 550, 1600, 550, 1650, 550, 500, 550, 550, 550, 550, 550, 500, 550, 1650, 550, 500, 550, 550, 550, 1600, 550, 1650, 500, 1650, 550, 550, 500, 550, 550, 550, 550, 550, 500, 550, 550, 550, 550, 550, 500, 550, 550, 1650, 500, 1650, 500, 1650, 550, 1650, 500, 1650, 500


____________________________________________


===================================================
NOTES:
- Capture each signal 2–3 times
- Wait 2 seconds between presses
- Do NOT change multiple settings at once
===================================================